[gd_scene load_steps=43 format=3 uid="uid://bn2xm3qs47h8j"]

[ext_resource type="PackedScene" uid="uid://cqjx02be6bjdg" path="res://art/kenny_pirate/patch-grass.glb" id="1_ok46j"]
[ext_resource type="PackedScene" uid="uid://bspyd43suuh0b" path="res://art/kenny_pirate/patch-sand.glb" id="2_c0avp"]
[ext_resource type="PackedScene" uid="uid://htpywelx87b" path="res://art/kenny_pirate/rocks-a.glb" id="3_gwlxg"]
[ext_resource type="PackedScene" uid="uid://drim8afccd6hf" path="res://art/kenny_pirate/rocks-sand-b.glb" id="4_a5uq4"]
[ext_resource type="PackedScene" uid="uid://ntqv707xxxb3" path="res://art/kenny_pirate/rocks-sand-c.glb" id="5_5okwt"]
[ext_resource type="PackedScene" uid="uid://iksdyexub8cr" path="res://art/kenny_pirate/rocks-sand-a.glb" id="6_hkthb"]
[ext_resource type="PackedScene" uid="uid://b7v7cnkmbge3n" path="res://art/kenny_pirate/rocks-b.glb" id="7_bfgi4"]
[ext_resource type="PackedScene" uid="uid://dlrh5wfe14fhm" path="res://art/kenny_pirate/rocks-c.glb" id="8_s4rf7"]
[ext_resource type="PackedScene" uid="uid://dkx0s0ypa7fmu" path="res://art/kenny_pirate/ship-wreck.glb" id="9_iqptl"]
[ext_resource type="PackedScene" uid="uid://c81obtxc124dw" path="res://art/kenny_pirate/platform-planks.glb" id="10_ei2d8"]
[ext_resource type="PackedScene" uid="uid://dnvk4enq4ieic" path="res://art/kenny_pirate/patch-sand-foliage.glb" id="11_s8vay"]
[ext_resource type="PackedScene" uid="uid://swm0eb5lak41" path="res://art/kenny_pirate/patch-grass-foliage.glb" id="12_w2uy1"]
[ext_resource type="PackedScene" uid="uid://dnfqrdn52d5mb" path="res://art/kenny_pirate/tower-complete-large.glb" id="13_kdo7f"]
[ext_resource type="PackedScene" uid="uid://cco462glap24v" path="res://art/kenny_pirate/tower-complete-small.glb" id="14_xmu38"]
[ext_resource type="PackedScene" uid="uid://cpaqfgh1j6bok" path="res://art/kenny_pirate/palm-detailed-bend.glb" id="15_a313i"]
[ext_resource type="PackedScene" uid="uid://dmj8xlo1d6we3" path="res://art/kenny_pirate/palm-detailed-straight.glb" id="16_qsahy"]
[ext_resource type="PackedScene" uid="uid://b2m41jlpk1h06" path="res://art/kenny_pirate/palm-bend.glb" id="17_i44oo"]
[ext_resource type="PackedScene" uid="uid://bu70xcufpb8bh" path="res://art/kenny_pirate/hole.glb" id="18_xxvbj"]
[ext_resource type="PackedScene" uid="uid://cpin76ndoyo75" path="res://art/kenny_pirate/grass.glb" id="19_8uusj"]
[ext_resource type="PackedScene" uid="uid://bk4mjdpy16t26" path="res://art/kenny_pirate/grass-plant.glb" id="20_fjgdh"]
[ext_resource type="PackedScene" uid="uid://ftyevubqrr5m" path="res://art/kenny_pirate/grass-patch.glb" id="21_u4bnh"]
[ext_resource type="PackedScene" uid="uid://cctnfp4p8m5dw" path="res://art/kenny_pirate/crate.glb" id="22_72p5w"]
[ext_resource type="PackedScene" uid="uid://evegr5p7efy1" path="res://art/kenny_pirate/crate-bottles.glb" id="23_5p2ta"]
[ext_resource type="PackedScene" uid="uid://coye2linl0fhc" path="res://art/kenny_pirate/chest.glb" id="24_nauly"]
[ext_resource type="PackedScene" uid="uid://5hdcidlye52n" path="res://art/kenny_pirate/cannon-mobile.glb" id="25_fjo4s"]
[ext_resource type="PackedScene" uid="uid://du8tr0updheh4" path="res://art/kenny_pirate/cannon.glb" id="26_udwh8"]
[ext_resource type="PackedScene" uid="uid://dufsmsvdk8cle" path="res://art/kenny_pirate/bottle-large.glb" id="27_jm5d5"]
[ext_resource type="PackedScene" uid="uid://bbde00hqcee0c" path="res://art/kenny_pirate/bottle.glb" id="28_8unhk"]
[ext_resource type="PackedScene" uid="uid://cukdah272vnkn" path="res://art/kenny_pirate/barrel.glb" id="29_ruojc"]
[ext_resource type="PackedScene" uid="uid://ca0nm1xyou8du" path="res://art/kenny_pirate/boat-row-large.glb" id="30_t5h7q"]
[ext_resource type="PackedScene" uid="uid://cnkdbs5ac8yvc" path="res://art/kenny_pirate/boat-row-small.glb" id="31_hdmj5"]
[ext_resource type="PackedScene" uid="uid://ntqtfdxunsum" path="res://art/kenny_pirate/structure.glb" id="32_ccn50"]
[ext_resource type="PackedScene" uid="uid://dyoidwu6tnrgc" path="res://art/kenny_pirate/structure-roof.glb" id="33_eq5fr"]
[ext_resource type="PackedScene" uid="uid://dw1mb5c5iv1b5" path="res://art/kenny_pirate/structure-platform-small.glb" id="34_0xdtt"]
[ext_resource type="PackedScene" uid="uid://bylbkpa7eb47i" path="res://art/kenny_pirate/structure-platform-dock-small.glb" id="35_6j6fc"]
[ext_resource type="PackedScene" uid="uid://bohuf1ooxn2jp" path="res://art/kenny_pirate/structure-fence-sides.glb" id="36_mv4lu"]
[ext_resource type="PackedScene" uid="uid://chxo7xidcinmw" path="res://art/kenny_pirate/platform.glb" id="37_o5l2g"]
[ext_resource type="PackedScene" uid="uid://d178pe4weeyyp" path="res://art/kenny_pirate/structure-platform.glb" id="38_f3eed"]
[ext_resource type="PackedScene" uid="uid://duv5fuaiktqnb" path="res://art/kenny_pirate/tower-base-door.glb" id="39_wgmso"]
[ext_resource type="PackedScene" uid="uid://dlds8phd3phen" path="res://art/kenny_pirate/palm-straight.glb" id="40_xmu38"]
[ext_resource type="PackedScene" uid="uid://xiv6vggulqyl" path="res://art/kenny_pirate/flag-pirate-high-pennant.glb" id="41_a313i"]
[ext_resource type="PackedScene" uid="uid://dsimo0oo3mv3h" path="res://art/kenny_pirate/flag-high.glb" id="42_qsahy"]

[node name="Island1" type="Node3D"]

[node name="StaticBody3D" type="StaticBody3D" parent="."]
collision_layer = 4
collision_mask = 3

[node name="CollisionPolygon3D" type="CollisionPolygon3D" parent="StaticBody3D"]
transform = Transform3D(1, 0, 0, 0, -4.371139e-08, -1, 0, 1, -4.371139e-08, -19.316723, 0, -18.302841)
depth = 20.0
polygon = PackedVector2Array(3.169582, 4.927916, 2.989623, 8.346406, 0.3383503, 8.970942, -3.6262817, 10.67898, -5.969437, 14.953768, -9.357624, 15.071587, -12.033474, 17.491726, -11.565617, 19.907925, -8.49608, 20.279512, -4.2710686, 19.813778, 3.8654852, 24.117046, 9.492648, 24.588522, 13.672271, 29.073986, 18.446903, 31.844172, 22.616806, 33.159103, 25.60611, 30.940426, 25.482908, 25.00582, 32.68009, 22.88552, 37.219936, 19.79444, 39.321556, 15.059249, 39.8299, 11.932604, 38.76482, 9.88348, 38.63921, 6.651439, 36.64614, 4.789261, 37.37291, 3.172373, 38.126373, -0.5756331, 40.275173, -0.2728136, 41.25317, -2.023092, 40.772972, -6.2235026, 36.33821, -9.872204, 30.291094, -12.270219, 21.821177, -10.644281, 12.387869, -7.1756473, 7.740919, -0.77504206, 6.070809, 3.2613714, 4.4284782, 2.7013025)

[node name="World2" type="Node3D" parent="."]
transform = Transform3D(1, 0, 0, 0, 1, 0, 0, 0, 1, -3.455597, 1.9073486e-06, -70.72213)

[node name="patch-grass2" parent="World2" instance=ExtResource("1_ok46j")]
transform = Transform3D(1, 0, 0, 0, 1, 0, 0, 0, 1, -2.2334208, 0.1654458, 71.57007)

[node name="patch-grass3" parent="World2" instance=ExtResource("1_ok46j")]
transform = Transform3D(1, 0, 0, 0, 1, 0, 0, 0, 1, -3.0662818, 0.1654458, 68.69588)

[node name="patch-grass4" parent="World2" instance=ExtResource("1_ok46j")]
transform = Transform3D(0.73103225, 0, 0.6823429, 0, 1, 0, -0.6823429, 0, 0.73103225, -0.8425417, 0.16544485, 69.447365)

[node name="patch-grass5" parent="World2" instance=ExtResource("1_ok46j")]
transform = Transform3D(0.99848425, 0, -0.05503735, 0, 1, 0, 0.05503735, 0, 0.99848425, 1.7164288, 0.16544485, 68.66474)

[node name="patch-grass6" parent="World2" instance=ExtResource("1_ok46j")]
transform = Transform3D(-0.25811097, 0, -0.96611536, 0, 1, 0, 0.96611536, 0, -0.25811097, 4.3071527, 0.16544485, 69.75644)

[node name="patch-grass7" parent="World2" instance=ExtResource("1_ok46j")]
transform = Transform3D(-0.9547557, 0, -0.29739153, 0, 1, 0, 0.29739153, 0, -0.9547557, 7.4916515, 0.16544485, 68.04492)

[node name="patch-grass8" parent="World2" instance=ExtResource("1_ok46j")]
transform = Transform3D(-0.9547557, 0, -0.29739153, 0, 1, 0, 0.29739153, 0, -0.9547557, 10.869657, 0.16544485, 67.496414)

[node name="patch-grass9" parent="World2" instance=ExtResource("1_ok46j")]
transform = Transform3D(-0.9547557, 0, -0.29739153, 0, 1, 0, 0.29739153, 0, -0.9547557, 13.016159, 0.16544437, 68.6232)

[node name="patch-grass10" parent="World2" instance=ExtResource("1_ok46j")]
transform = Transform3D(-0.3375389, 0, -0.9413117, 0, 1, 0, 0.9413117, 0, -0.3375389, 15.55749, 0.16544437, 67.16278)

[node name="patch-grass11" parent="World2" instance=ExtResource("1_ok46j")]
transform = Transform3D(-0.3375389, 0, -0.9413117, 0, 1, 0, 0.9413117, 0, -0.3375389, 16.952057, 0.16544437, 65.46966)

[node name="patch-grass12" parent="World2" instance=ExtResource("1_ok46j")]
transform = Transform3D(-0.48884964, 0, -0.8723682, 0, 1, 0, 0.8723682, 0, -0.48884964, 17.266468, 0.16544485, 62.41353)

[node name="patch-grass13" parent="World2" instance=ExtResource("1_ok46j")]
transform = Transform3D(0.3107429, 0, -0.95049417, 0, 1, 0, 0.95049417, 0, 0.3107429, 15.560781, 0.16544485, 59.0969)

[node name="patch-grass59" parent="World2" instance=ExtResource("1_ok46j")]
transform = Transform3D(0.3107429, 0, -0.95049417, 0, 1, 0, 0.95049417, 0, 0.3107429, 14.621736, 0.16544485, 62.05944)

[node name="patch-grass60" parent="World2" instance=ExtResource("1_ok46j")]
transform = Transform3D(-0.454317, 0, -0.8908402, 0, 1, 0, 0.8908402, 0, -0.454317, 13.788, 0.16544485, 65.14143)

[node name="patch-grass14" parent="World2" instance=ExtResource("1_ok46j")]
transform = Transform3D(0.7767065, 0, -0.6298628, 0, 1, 0, 0.6298628, 0, 0.7767065, 13.795756, 0.16544485, 56.203278)

[node name="patch-grass15" parent="World2" instance=ExtResource("1_ok46j")]
transform = Transform3D(-0.20772377, 0, -0.97818756, 0, 1, 0, 0.97818756, 0, -0.20772377, 14.805418, 0.16544485, 53.253334)

[node name="patch-grass16" parent="World2" instance=ExtResource("1_ok46j")]
transform = Transform3D(-0.20772377, 0, -0.97818756, 0, 1, 0, 0.97818756, 0, -0.20772377, 14.803175, 0.16544485, 50.060425)

[node name="patch-grass17" parent="World2" instance=ExtResource("1_ok46j")]
transform = Transform3D(-0.20772377, 0, -0.97818756, 0, 1, 0, 0.97818756, 0, -0.20772377, 16.047653, 0.16544485, 47.065964)

[node name="patch-grass18" parent="World2" instance=ExtResource("1_ok46j")]
transform = Transform3D(-0.20772377, 0, -0.97818756, 0, 1, 0, 0.97818756, 0, -0.20772377, 13.490207, 0.16544485, 47.061638)

[node name="patch-grass19" parent="World2" instance=ExtResource("1_ok46j")]
transform = Transform3D(-0.9806761, 0, -0.1956382, 0, 1, 0, 0.1956382, 0, -0.9806761, 10.821238, 0.16544485, 48.726)

[node name="patch-grass20" parent="World2" instance=ExtResource("1_ok46j")]
transform = Transform3D(-0.8206809, 0, 0.5713869, 0, 1, 0, -0.5713869, 0, -0.8206809, 7.7959056, 0.1654439, 47.811695)

[node name="patch-grass45" parent="World2" instance=ExtResource("1_ok46j")]
transform = Transform3D(-0.8206809, 0, 0.5713869, 0, 1, 0, -0.5713869, 0, -0.8206809, 7.347734, 0.31148505, 49.029182)

[node name="patch-grass65" parent="World2" instance=ExtResource("1_ok46j")]
transform = Transform3D(-0.8206809, 0, 0.5713869, 0, 1, 0, -0.5713869, 0, -0.8206809, 5.9840765, 0.31148505, 49.94194)

[node name="patch-grass66" parent="World2" instance=ExtResource("1_ok46j")]
transform = Transform3D(-0.107895434, 0, 0.9941623, 0, 1, 0, -0.9941623, 0, -0.107895434, 1.3520122, 0.31148458, 54.39655)

[node name="patch-grass67" parent="World2" instance=ExtResource("1_ok46j")]
transform = Transform3D(-0.107895434, 0, 0.9941623, 0, 1, 0, -0.9941623, 0, -0.107895434, 1.3093705, 0.31148458, 57.806072)

[node name="patch-grass68" parent="World2" instance=ExtResource("1_ok46j")]
transform = Transform3D(-0.107895434, 0, 0.9941623, 0, 1, 0, -0.9941623, 0, -0.107895434, 12.373941, 0.31148458, 64.08588)

[node name="patch-grass46" parent="World2" instance=ExtResource("1_ok46j")]
transform = Transform3D(-0.8206809, 0, 0.5713869, 0, 1, 0, -0.5713869, 0, -0.8206809, 11.62467, 0.31148505, 49.818718)

[node name="patch-grass47" parent="World2" instance=ExtResource("1_ok46j")]
transform = Transform3D(0.16786984, 0, 0.9858092, 0, 1, 0, -0.9858092, 0, 0.16786984, 13.308672, 0.31148505, 52.69125)

[node name="patch-grass48" parent="World2" instance=ExtResource("1_ok46j")]
transform = Transform3D(0.16786984, 0, 0.9858092, 0, 1, 0, -0.9858092, 0, 0.16786984, 12.435131, 0.31148505, 57.338768)

[node name="patch-grass49" parent="World2" instance=ExtResource("1_ok46j")]
transform = Transform3D(0.16786984, 0, 0.9858092, 0, 1, 0, -0.9858092, 0, 0.16786984, 12.409335, 0.31148505, 59.93817)

[node name="patch-grass50" parent="World2" instance=ExtResource("1_ok46j")]
transform = Transform3D(0.6447774, 0, 0.7643704, 0, 1, 0, -0.7643704, 0, 0.6447774, 12.200663, 0.31148505, 63.357628)

[node name="patch-grass51" parent="World2" instance=ExtResource("1_ok46j")]
transform = Transform3D(0.6447774, 0, 0.7643704, 0, 1, 0, -0.7643704, 0, 0.6447774, 9.385031, 0.31148505, 64.453125)

[node name="patch-grass52" parent="World2" instance=ExtResource("1_ok46j")]
transform = Transform3D(0.6447774, 0, 0.7643704, 0, 1, 0, -0.7643704, 0, 0.6447774, 9.774387, 0.31148505, 62.350807)

[node name="patch-grass53" parent="World2" instance=ExtResource("1_ok46j")]
transform = Transform3D(0.6447774, 0, 0.7643704, 0, 1, 0, -0.7643704, 0, 0.6447774, 5.867715, 0.31148505, 65.111626)

[node name="patch-grass54" parent="World2" instance=ExtResource("1_ok46j")]
transform = Transform3D(0.9987839, 0, -0.049302816, 0, 1, 0, 0.049302816, 0, 0.9987839, 4.4160466, 0.31148505, 66.178116)

[node name="patch-grass55" parent="World2" instance=ExtResource("1_ok46j")]
transform = Transform3D(0.076962814, 0, -0.997034, 0, 1, 0, 0.997034, 0, 0.076962814, 2.9819117, 0.31148505, 63.819115)

[node name="patch-grass56" parent="World2" instance=ExtResource("1_ok46j")]
transform = Transform3D(0.076962814, 0, -0.997034, 0, 1, 0, 0.997034, 0, 0.076962814, 1.8653212, 0.31148505, 60.706074)

[node name="patch-grass57" parent="World2" instance=ExtResource("1_ok46j")]
transform = Transform3D(0.076962814, 0, -0.997034, 0, 1, 0, 0.997034, 0, 0.076962814, 6.886973, 0.31148505, 61.73892)

[node name="patch-grass58" parent="World2" instance=ExtResource("1_ok46j")]
transform = Transform3D(0.076962814, 0, -0.997034, 0, 1, 0, 0.997034, 0, 0.076962814, 4.4951973, 0.31148505, 61.010902)

[node name="patch-grass21" parent="World2" instance=ExtResource("1_ok46j")]
transform = Transform3D(-0.9940754, 0, -0.10869354, 0, 1, 0, 0.10869354, 0, -0.9940754, 4.8247747, 0.1654439, 48.0251)

[node name="patch-grass22" parent="World2" instance=ExtResource("1_ok46j")]
transform = Transform3D(-0.963868, 0, -0.2663807, 0, 1, 0, 0.2663807, 0, -0.963868, 1.6942582, 0.1654439, 49.19599)

[node name="patch-grass23" parent="World2" instance=ExtResource("1_ok46j")]
transform = Transform3D(-0.6407665, 0, -0.767736, 0, 1, 0, 0.767736, 0, -0.6407665, -0.6253853, 0.1654439, 51.485596)

[node name="patch-grass64" parent="World2" instance=ExtResource("1_ok46j")]
transform = Transform3D(-0.97690046, 0, -0.21369559, 0, 1, 0, 0.21369559, 0, -0.97690046, 0.9690583, 0.407475, 51.506542)

[node name="patch-grass43" parent="World2" instance=ExtResource("1_ok46j")]
transform = Transform3D(-0.6407665, 0, -0.767736, 0, 1, 0, 0.767736, 0, -0.6407665, 0.6121888, 0.1654439, 53.7633)

[node name="patch-grass24" parent="World2" instance=ExtResource("1_ok46j")]
transform = Transform3D(-0.84304434, 0, -0.53784436, 0, 1, 0, 0.53784436, 0, -0.84304434, -2.4422922, 0.1654439, 54.051746)

[node name="patch-grass25" parent="World2" instance=ExtResource("1_ok46j")]
transform = Transform3D(-0.56742704, 0, -0.8234239, 0, 1, 0, 0.8234239, 0, -0.56742704, -3.6513138, 0.16544199, 56.63583)

[node name="patch-grass26" parent="World2" instance=ExtResource("1_ok46j")]
transform = Transform3D(0.25075153, 0, 0.9680516, 0, 1, 0, -0.9680516, 0, 0.25075153, -5.421688, 0.16544294, 59.526886)

[node name="patch-grass37" parent="World2" instance=ExtResource("1_ok46j")]
transform = Transform3D(0.25075153, 0, 0.9680516, 0, 1, 0, -0.9680516, 0, 0.25075153, -2.9615793, 0.16544294, 59.02062)

[node name="patch-grass38" parent="World2" instance=ExtResource("1_ok46j")]
transform = Transform3D(0.25075153, 0, 0.9680516, 0, 1, 0, -0.9680516, 0, 0.25075153, -3.3513184, 0.16544294, 61.808735)

[node name="patch-grass39" parent="World2" instance=ExtResource("1_ok46j")]
transform = Transform3D(0.25075153, 0, 0.9680516, 0, 1, 0, -0.9680516, 0, 0.25075153, -0.72724915, 0.16544294, 61.98353)

[node name="patch-grass44" parent="World2" instance=ExtResource("1_ok46j")]
transform = Transform3D(-0.08249539, 0, 0.99659157, 0, 1, 0, -0.99659157, 0, -0.08249539, 1.0651231, 0.16544294, 65.13789)

[node name="patch-grass61" parent="World2" instance=ExtResource("1_ok46j")]
transform = Transform3D(-0.08249539, 0, 0.99659157, 0, 1, 0, -0.99659157, 0, -0.08249539, -1.3105583, 0.16544294, 66.58999)

[node name="patch-grass62" parent="World2" instance=ExtResource("1_ok46j")]
transform = Transform3D(-0.08249539, 0, 0.99659157, 0, 1, 0, -0.99659157, 0, -0.08249539, -1.4549189, 0.16544294, 64.594795)

[node name="patch-grass63" parent="World2" instance=ExtResource("1_ok46j")]
transform = Transform3D(-0.08249539, 0, 0.99659157, 0, 1, 0, -0.99659157, 0, -0.08249539, -3.687212, 0.16544294, 65.96388)

[node name="patch-grass40" parent="World2" instance=ExtResource("1_ok46j")]
transform = Transform3D(0.25075153, 0, 0.9680516, 0, 1, 0, -0.9680516, 0, 0.25075153, -0.5653167, 0.16544247, 56.144947)

[node name="patch-grass41" parent="World2" instance=ExtResource("1_ok46j")]
transform = Transform3D(0.25075153, 0, 0.9680516, 0, 1, 0, -0.9680516, 0, 0.25075153, -0.5502324, 0.16544247, 59.06556)

[node name="patch-grass27" parent="World2" instance=ExtResource("1_ok46j")]
transform = Transform3D(0.8905941, 0, 0.45479923, 0, 1, 0, -0.45479923, 0, 0.8905941, -6.5677385, 0.16544199, 62.37831)

[node name="patch-grass42" parent="World2" instance=ExtResource("1_ok46j")]
transform = Transform3D(0.99837494, 0, 0.056989253, 0, 1, 0, -0.056989253, 0, 0.99837494, -4.5823917, 0.16544199, 63.771664)

[node name="patch-grass28" parent="World2" instance=ExtResource("1_ok46j")]
transform = Transform3D(0.8905941, 0, 0.45479923, 0, 1, 0, -0.45479923, 0, 0.8905941, -9.280401, 0.16544199, 63.97203)

[node name="patch-grass35" parent="World2" instance=ExtResource("1_ok46j")]
transform = Transform3D(0.8905941, 0, 0.45479923, 0, 1, 0, -0.45479923, 0, 0.8905941, -11.024118, 0.16544104, 65.59808)

[node name="patch-grass36" parent="World2" instance=ExtResource("1_ok46j")]
transform = Transform3D(0.8905941, 0, 0.45479923, 0, 1, 0, -0.45479923, 0, 0.8905941, -8.015601, 0.16544104, 65.29167)

[node name="patch-grass29" parent="World2" instance=ExtResource("1_ok46j")]
transform = Transform3D(0.9899671, 0, 0.14129889, 0, 1, 0, -0.14129889, 0, 0.9899671, -11.608893, 0.16544199, 64.14871)

[node name="patch-grass30" parent="World2" instance=ExtResource("1_ok46j")]
transform = Transform3D(0.7041138, 0, 0.71008736, 0, 1, 0, -0.71008736, 0, 0.7041138, -13.361465, 0.16544294, 65.458984)

[node name="patch-grass31" parent="World2" instance=ExtResource("1_ok46j")]
transform = Transform3D(0.7041138, 0, 0.71008736, 0, 1, 0, -0.71008736, 0, 0.7041138, -13.668835, 0.16544294, 67.16918)

[node name="patch-grass32" parent="World2" instance=ExtResource("1_ok46j")]
transform = Transform3D(0.8459794, 0, -0.53321576, 0, 1, 0, 0.53321576, 0, 0.8459794, -10.577517, 0.1654439, 68.23063)

[node name="patch-grass33" parent="World2" instance=ExtResource("1_ok46j")]
transform = Transform3D(0.8459794, 0, -0.53321576, 0, 1, 0, 0.53321576, 0, 0.8459794, -7.5692196, 0.16544294, 68.61934)

[node name="patch-grass34" parent="World2" instance=ExtResource("1_ok46j")]
transform = Transform3D(0.8459794, 0, -0.53321576, 0, 1, 0, 0.53321576, 0, 0.8459794, -5.764456, 0.16544294, 68.49097)

[node name="patch-sand2" parent="World2" instance=ExtResource("2_c0avp")]
transform = Transform3D(1, 0, 0, 0, 10, 0, 0, 0, 1, -4.9693375, -2.4, 72.93645)

[node name="patch-sand3" parent="World2" instance=ExtResource("2_c0avp")]
transform = Transform3D(1, 0, 0, 0, 10, 0, 0, 0, 1, -1.1499624, -2.4, 74.74753)

[node name="patch-sand4" parent="World2" instance=ExtResource("2_c0avp")]
transform = Transform3D(1, 0, 0, 0, 10, 0, 0, 0, 1, 3.9039574, -2.4, 73.7909)

[node name="patch-sand5" parent="World2" instance=ExtResource("2_c0avp")]
transform = Transform3D(0.93969256, 0, 0.3420201, 0, 10, 0, -0.3420201, 0, 0.93969256, 9.986971, -2.4, 73.45109)

[node name="patch-sand6" parent="World2" instance=ExtResource("2_c0avp")]
transform = Transform3D(1, 0, 0, 0, 10, 0, 0, 0, 1, 9.029609, -2.4, 71.53288)

[node name="patch-sand7" parent="World2" instance=ExtResource("2_c0avp")]
transform = Transform3D(1, 0, 0, 0, 10, 0, 0, 0, 1, 15.11428, -2.4, 71.63216)

[node name="patch-sand26" parent="World2" instance=ExtResource("2_c0avp")]
transform = Transform3D(1, 0, 0, 0, 10, 0, 0, 0, 1, 5.435424, -2.4, 81.33787)

[node name="patch-sand8" parent="World2" instance=ExtResource("2_c0avp")]
transform = Transform3D(-0.79441446, 0, -0.60737586, 0, 10, 0, 0.60737586, 0, -0.79441446, 18.949997, -2.4, 69.143875)

[node name="patch-sand9" parent="World2" instance=ExtResource("2_c0avp")]
transform = Transform3D(-0.05582152, 0, 0.99844074, 0, 10, 0, -0.99844074, 0, -0.05582152, 20.95, -2.4, 65.537)

[node name="patch-sand10" parent="World2" instance=ExtResource("2_c0avp")]
transform = Transform3D(-0.24823341, 0, 0.96870005, 0, 10, 0, -0.96870005, 0, -0.24823341, 20.144339, -2.4, 60.678226)

[node name="patch-sand30" parent="World2" instance=ExtResource("2_c0avp")]
transform = Transform3D(-0.24823341, 0, 0.96870005, 0, 10, 0, -0.96870005, 0, -0.24823341, 23.608864, -3.4341197, 60.05565)

[node name="patch-sand31" parent="World2" instance=ExtResource("2_c0avp")]
transform = Transform3D(-0.24823341, 0, 0.96870005, 0, 10, 0, -0.96870005, 0, -0.24823341, 23.366428, -3.4341197, 55.033546)

[node name="patch-sand32" parent="World2" instance=ExtResource("2_c0avp")]
transform = Transform3D(-0.24823341, 0, 0.96870005, 0, 10, 0, -0.96870005, 0, -0.24823341, 22.487839, -3.4341197, 56.305702)

[node name="patch-sand33" parent="World2" instance=ExtResource("2_c0avp")]
transform = Transform3D(-0.24823341, 0, 0.96870005, 0, 10, 0, -0.96870005, 0, -0.24823341, 23.136345, -3.4341197, 51.659515)

[node name="patch-sand34" parent="World2" instance=ExtResource("2_c0avp")]
transform = Transform3D(-0.24823341, 0, 0.96870005, 0, 10, 0, -0.96870005, 0, -0.24823341, 24.863304, -2.3586679, 49.5978)

[node name="patch-sand35" parent="World2" instance=ExtResource("2_c0avp")]
transform = Transform3D(-0.24823341, 0, 0.96870005, 0, 10, 0, -0.96870005, 0, -0.24823341, 27.217646, -4.452499, 52.47782)

[node name="patch-sand36" parent="World2" instance=ExtResource("2_c0avp")]
transform = Transform3D(-0.24823341, 0, 0.96870005, 0, 10, 0, -0.96870005, 0, -0.24823341, 26.185286, -4.452499, 55.27726)

[node name="patch-sand37" parent="World2" instance=ExtResource("2_c0avp")]
transform = Transform3D(-0.24823341, 0, 0.96870005, 0, 10, 0, -0.96870005, 0, -0.24823341, 26.381227, -4.452499, 47.464417)

[node name="patch-sand38" parent="World2" instance=ExtResource("2_c0avp")]
transform = Transform3D(-0.24823341, 0, 0.96870005, 0, 10, 0, -0.96870005, 0, -0.24823341, 26.381227, -4.452499, 47.464417)

[node name="patch-sand39" parent="World2" instance=ExtResource("2_c0avp")]
transform = Transform3D(-0.24823341, 0, 0.96870005, 0, 10, 0, -0.96870005, 0, -0.24823341, 25.217201, -4.452497, 41.827934)

[node name="patch-sand41" parent="World2" instance=ExtResource("2_c0avp")]
transform = Transform3D(-0.24823341, 0, 0.96870005, 0, 10, 0, -0.96870005, 0, -0.24823341, 20.94514, -3.113297, 41.18067)

[node name="patch-sand42" parent="World2" instance=ExtResource("2_c0avp")]
transform = Transform3D(-0.24823341, 0, 0.96870005, 0, 10, 0, -0.96870005, 0, -0.24823341, 16.775915, -3.757667, 39.500168)

[node name="patch-sand43" parent="World2" instance=ExtResource("2_c0avp")]
transform = Transform3D(-0.24823341, 0, 0.96870005, 0, 10, 0, -0.96870005, 0, -0.24823341, 12.224439, -3.757667, 39.02509)

[node name="patch-sand44" parent="World2" instance=ExtResource("2_c0avp")]
transform = Transform3D(0.9458475, 0, 0.32461077, 0, 9.999999, 0, -0.32461077, 0, 0.9458475, 7.7382364, -3.757667, 40.531883)

[node name="patch-sand45" parent="World2" instance=ExtResource("2_c0avp")]
transform = Transform3D(0.9953826, 0, -0.09598476, 0, 9.999999, 0, 0.09598476, 0, 0.9953826, 2.5312662, -3.757667, 41.948902)

[node name="patch-sand46" parent="World2" instance=ExtResource("2_c0avp")]
transform = Transform3D(0.9344718, 0, 0.35603666, 0, 9.999999, 0, -0.35603666, 0, 0.9344718, -1.4008799, -3.757667, 44.50963)

[node name="patch-sand47" parent="World2" instance=ExtResource("2_c0avp")]
transform = Transform3D(0.71367836, 0, 0.7004732, 0, 9.999998, 0, -0.7004732, 0, 0.71367836, -4.5196476, -3.757667, 48.590034)

[node name="patch-sand48" parent="World2" instance=ExtResource("2_c0avp")]
transform = Transform3D(0.7272817, 0, 0.6863387, 0, 9.999998, 0, -0.6863387, 0, 0.7272817, -7.2052994, -3.757667, 53.941784)

[node name="patch-sand49" parent="World2" instance=ExtResource("2_c0avp")]
transform = Transform3D(0.7272817, 0, 0.6863387, 0, 9.999998, 0, -0.6863387, 0, 0.7272817, -10.2214, -3.757668, 59.826683)

[node name="patch-sand106" parent="World2" instance=ExtResource("2_c0avp")]
transform = Transform3D(0.7272817, 0, 0.6863387, 0, 9.999998, 0, -0.6863387, 0, 0.7272817, -10.2214, -3.757668, 59.826683)

[node name="patch-sand50" parent="World2" instance=ExtResource("2_c0avp")]
transform = Transform3D(-0.86889064, 0, -0.49500346, 0, 9.999997, 0, 0.49500346, 0, -0.86889064, -14.858603, -3.757668, 62.414146)

[node name="patch-sand51" parent="World2" instance=ExtResource("2_c0avp")]
transform = Transform3D(-0.86889064, 0, -0.49500346, 0, 9.999997, 0, 0.49500346, 0, -0.86889064, -18.25598, -3.333871, 64.16207)

[node name="patch-sand52" parent="World2" instance=ExtResource("2_c0avp")]
transform = Transform3D(-0.86889064, 0, -0.49500346, 0, 9.999997, 0, 0.49500346, 0, -0.86889064, -20.310335, -3.333871, 67.8379)

[node name="patch-sand53" parent="World2" instance=ExtResource("2_c0avp")]
transform = Transform3D(-0.86889064, 0, -0.49500346, 0, 9.999997, 0, 0.49500346, 0, -0.86889064, -24.473091, -2.506113, 69.21272)

[node name="patch-sand54" parent="World2" instance=ExtResource("2_c0avp")]
transform = Transform3D(-0.86889064, 0, -0.49500346, 0, 9.999997, 0, 0.49500346, 0, -0.86889064, -24.557693, -4.411493, 67.01113)

[node name="patch-sand55" parent="World2" instance=ExtResource("2_c0avp")]
transform = Transform3D(-0.86889064, 0, -0.49500346, 0, 9.999997, 0, 0.49500346, 0, -0.86889064, -21.547298, -5.6981535, 62.798958)

[node name="patch-sand56" parent="World2" instance=ExtResource("2_c0avp")]
transform = Transform3D(-0.86889064, 0, -0.49500346, 0, 9.999997, 0, 0.49500346, 0, -0.86889064, -27.946905, -5.6981535, 67.80417)

[node name="patch-sand57" parent="World2" instance=ExtResource("2_c0avp")]
transform = Transform3D(-0.86470425, 0, 0.5022807, 0, 9.999998, 0, -0.5022807, 0, -0.86470425, -24.904455, -5.6981535, 70.56826)

[node name="patch-sand58" parent="World2" instance=ExtResource("2_c0avp")]
transform = Transform3D(-0.86470425, 0, 0.5022807, 0, 9.999998, 0, -0.5022807, 0, -0.86470425, -19.453493, -5.6981535, 70.37801)

[node name="patch-sand59" parent="World2" instance=ExtResource("2_c0avp")]
transform = Transform3D(-0.86470425, 0, 0.5022807, 0, 9.999998, 0, -0.5022807, 0, -0.86470425, -27.286352, -5.6981525, 63.63512)

[node name="patch-sand60" parent="World2" instance=ExtResource("2_c0avp")]
transform = Transform3D(-0.5123422, 0, 0.858781, 0, 9.999998, 0, -0.858781, 0, -0.5123422, -15.788803, -3.433813, 73.51823)

[node name="patch-sand62" parent="World2" instance=ExtResource("2_c0avp")]
transform = Transform3D(-0.8588432, 0, 0.51223785, 0, 9.999997, 0, -0.51223785, 0, -0.8588432, -10.991913, -3.433813, 75.62749)

[node name="patch-sand65" parent="World2" instance=ExtResource("2_c0avp")]
transform = Transform3D(-0.8588432, 0, 0.51223785, 0, 9.999997, 0, -0.51223785, 0, -0.8588432, -5.404023, -3.433813, 77.29784)

[node name="patch-sand66" parent="World2" instance=ExtResource("2_c0avp")]
transform = Transform3D(-0.8588432, 0, 0.51223785, 0, 9.999997, 0, -0.51223785, 0, -0.8588432, 0.16837072, -3.433813, 78.76431)

[node name="patch-sand69" parent="World2" instance=ExtResource("2_c0avp")]
transform = Transform3D(-0.2865074, 0, 0.9580776, 0, 9.999997, 0, -0.9580776, 0, -0.2865074, 0.7022805, -3.433813, 81.758415)

[node name="patch-sand70" parent="World2" instance=ExtResource("2_c0avp")]
transform = Transform3D(0.8311881, 0, 0.55599046, 0, 9.999997, 0, -0.55599046, 0, 0.8311881, 5.266519, -3.433813, 82.97771)

[node name="patch-sand71" parent="World2" instance=ExtResource("2_c0avp")]
transform = Transform3D(0.8311881, 0, 0.55599046, 0, 9.999997, 0, -0.55599046, 0, 0.8311881, 8.265278, -3.433814, 81.75116)

[node name="patch-sand72" parent="World2" instance=ExtResource("2_c0avp")]
transform = Transform3D(0.0038051903, 0, 0.99999213, 0, 9.999996, 0, -0.99999213, 0, 0.0038051903, 9.875793, -3.433814, 78.305664)

[node name="patch-sand75" parent="World2" instance=ExtResource("2_c0avp")]
transform = Transform3D(0.0038051903, 0, 0.99999213, 0, 9.999996, 0, -0.99999213, 0, 0.0038051903, 13.004549, -3.433814, 75.6053)

[node name="patch-sand86" parent="World2" instance=ExtResource("2_c0avp")]
transform = Transform3D(-0.83021635, 0, -0.55744004, 0, 9.999995, 0, 0.55744004, 0, -0.83021635, 16.509136, -3.433814, 73.05403)

[node name="patch-sand87" parent="World2" instance=ExtResource("2_c0avp")]
transform = Transform3D(-0.83021635, 0, -0.55744004, 0, 9.999995, 0, 0.55744004, 0, -0.83021635, 19.181988, -3.433814, 71.41113)

[node name="patch-sand88" parent="World2" instance=ExtResource("2_c0avp")]
transform = Transform3D(-0.83021635, 0, -0.55744004, 0, 9.999995, 0, 0.55744004, 0, -0.83021635, 22.812128, -3.433814, 67.01315)

[node name="patch-sand89" parent="World2" instance=ExtResource("2_c0avp")]
transform = Transform3D(-0.83021635, 0, -0.55744004, 0, 9.999995, 0, 0.55744004, 0, -0.83021635, 23.674744, -3.433814, 63.34967)

[node name="patch-sand73" parent="World2" instance=ExtResource("2_c0avp")]
transform = Transform3D(0.0038051903, 0, 0.99999213, 0, 9.999996, 0, -0.99999213, 0, 0.0038051903, 5.368421, -3.433814, 77.93179)

[node name="patch-sand74" parent="World2" instance=ExtResource("2_c0avp")]
transform = Transform3D(0.0038051903, 0, 0.99999213, 0, 9.999996, 0, -0.99999213, 0, 0.0038051903, 1.5455651, -3.433814, 77.71144)

[node name="patch-sand67" parent="World2" instance=ExtResource("2_c0avp")]
transform = Transform3D(-0.8588432, 0, 0.51223785, 0, 9.999997, 0, -0.51223785, 0, -0.8588432, 3.7124815, -2.3997068, 80.28901)

[node name="patch-sand68" parent="World2" instance=ExtResource("2_c0avp")]
transform = Transform3D(-0.8588432, 0, 0.51223785, 0, 9.999997, 0, -0.51223785, 0, -0.8588432, 3.925733, -2.399706, 81.287674)

[node name="patch-sand61" parent="World2" instance=ExtResource("2_c0avp")]
transform = Transform3D(-0.5123422, 0, 0.858781, 0, 9.999998, 0, -0.858781, 0, -0.5123422, -18.698463, -5.455362, 74.88794)

[node name="patch-sand63" parent="World2" instance=ExtResource("2_c0avp")]
transform = Transform3D(-0.5123422, 0, 0.858781, 0, 9.999998, 0, -0.858781, 0, -0.5123422, -14.235489, -5.455362, 77.46851)

[node name="patch-sand64" parent="World2" instance=ExtResource("2_c0avp")]
transform = Transform3D(-0.9986619, 0, -0.051708102, 0, 9.999997, 0, 0.051708102, 0, -0.9986619, -10.311079, -5.455362, 78.18621)

[node name="patch-sand76" parent="World2" instance=ExtResource("2_c0avp")]
transform = Transform3D(-0.83842283, 0, 0.5450196, 0, 9.999996, 0, -0.5450196, 0, -0.83842283, -8.085088, -5.455363, 79.73082)

[node name="patch-sand77" parent="World2" instance=ExtResource("2_c0avp")]
transform = Transform3D(-0.83842283, 0, 0.5450196, 0, 9.999996, 0, -0.5450196, 0, -0.83842283, -3.253992, -5.455363, 81.63621)

[node name="patch-sand78" parent="World2" instance=ExtResource("2_c0avp")]
transform = Transform3D(-0.471073, 0, 0.8820938, 0, 9.999996, 0, -0.8820938, 0, -0.471073, 0.8903589, -5.455363, 84.585785)

[node name="patch-sand79" parent="World2" instance=ExtResource("2_c0avp")]
transform = Transform3D(-0.471073, 0, 0.8820938, 0, 9.999996, 0, -0.8820938, 0, -0.471073, 0.8903589, -5.455363, 84.585785)

[node name="patch-sand80" parent="World2" instance=ExtResource("2_c0avp")]
transform = Transform3D(0.8881202, 0, 0.45961034, 0, 9.999996, 0, -0.45961034, 0, 0.8881202, 6.102918, -5.455363, 85.72581)

[node name="patch-sand81" parent="World2" instance=ExtResource("2_c0avp")]
transform = Transform3D(0.8881202, 0, 0.45961034, 0, 9.999996, 0, -0.45961034, 0, 0.8881202, 11.343035, -5.455363, 83.41931)

[node name="patch-sand82" parent="World2" instance=ExtResource("2_c0avp")]
transform = Transform3D(0.9636346, 0, -0.26722178, 0, 9.999997, 0, 0.26722178, 0, 0.9636346, 17.488977, -5.455363, 75.75801)

[node name="patch-sand83" parent="World2" instance=ExtResource("2_c0avp")]
transform = Transform3D(0.9636346, 0, -0.26722178, 0, 9.999997, 0, 0.26722178, 0, 0.9636346, 14.595659, -5.455363, 79.46962)

[node name="patch-sand84" parent="World2" instance=ExtResource("2_c0avp")]
transform = Transform3D(-0.788998, 0, -0.6143949, 0, 9.999997, 0, 0.6143949, 0, -0.788998, 21.399557, -5.455363, 72.93176)

[node name="patch-sand85" parent="World2" instance=ExtResource("2_c0avp")]
transform = Transform3D(-0.788998, 0, -0.6143949, 0, 9.999997, 0, 0.6143949, 0, -0.788998, 24.761688, -5.455363, 68.96292)

[node name="patch-sand90" parent="World2" instance=ExtResource("2_c0avp")]
transform = Transform3D(-0.52959347, 0, -0.848251, 0, 9.999997, 0, 0.848251, 0, -0.52959347, 26.74449, -5.455363, 63.77477)

[node name="patch-sand91" parent="World2" instance=ExtResource("2_c0avp")]
transform = Transform3D(-0.52959347, 0, -0.848251, 0, 9.999997, 0, 0.848251, 0, -0.52959347, 27.201807, -5.455363, 58.465843)

[node name="patch-sand92" parent="World2" instance=ExtResource("2_c0avp")]
transform = Transform3D(-0.52959347, 0, -0.848251, 0, 9.999997, 0, 0.848251, 0, -0.52959347, 29.738646, -5.455363, 53.401974)

[node name="patch-sand93" parent="World2" instance=ExtResource("2_c0avp")]
transform = Transform3D(-0.52959347, 0, -0.848251, 0, 9.999997, 0, 0.848251, 0, -0.52959347, 29.719767, -5.455363, 47.961334)

[node name="patch-sand94" parent="World2" instance=ExtResource("2_c0avp")]
transform = Transform3D(-0.52959347, 0, -0.848251, 0, 9.999997, 0, 0.848251, 0, -0.52959347, 29.140692, -5.455363, 42.97934)

[node name="patch-sand95" parent="World2" instance=ExtResource("2_c0avp")]
transform = Transform3D(-0.99920726, 0, 0.039800644, 0, 9.999997, 0, -0.039800644, 0, -0.99920726, 27.315554, -5.455363, 39.30003)

[node name="patch-sand96" parent="World2" instance=ExtResource("2_c0avp")]
transform = Transform3D(-0.99920726, 0, 0.039800644, 0, 9.999997, 0, -0.039800644, 0, -0.99920726, 22.494495, -5.455363, 37.934036)

[node name="patch-sand97" parent="World2" instance=ExtResource("2_c0avp")]
transform = Transform3D(-0.99920726, 0, 0.039800644, 0, 9.999997, 0, -0.039800644, 0, -0.99920726, 16.08614, -5.455363, 36.26754)

[node name="patch-sand98" parent="World2" instance=ExtResource("2_c0avp")]
transform = Transform3D(-0.99920726, 0, 0.039800644, 0, 9.999997, 0, -0.039800644, 0, -0.99920726, 11.494165, -5.455363, 35.616577)

[node name="patch-sand99" parent="World2" instance=ExtResource("2_c0avp")]
transform = Transform3D(0.95512843, 0, 0.2961911, 0, 9.999997, 0, -0.2961911, 0, 0.95512843, 1.186019, -5.455363, 40.097855)

[node name="patch-sand101" parent="World2" instance=ExtResource("2_c0avp")]
transform = Transform3D(0.7496031, 0, 0.6618873, 0, 9.999996, 0, -0.6618873, 0, 0.7496031, -2.4469604, -5.455363, 44.172348)

[node name="patch-sand102" parent="World2" instance=ExtResource("2_c0avp")]
transform = Transform3D(0.7496031, 0, 0.6618873, 0, 9.999996, 0, -0.6618873, 0, 0.7496031, -5.9968243, -5.455363, 49.222702)

[node name="patch-sand103" parent="World2" instance=ExtResource("2_c0avp")]
transform = Transform3D(0.7496031, 0, 0.6618873, 0, 9.999996, 0, -0.6618873, 0, 0.7496031, -8.635787, -5.455363, 53.891083)

[node name="patch-sand104" parent="World2" instance=ExtResource("2_c0avp")]
transform = Transform3D(0.7496031, 0, 0.6618873, 0, 9.999996, 0, -0.6618873, 0, 0.7496031, -11.268829, -5.455363, 58.0145)

[node name="patch-sand105" parent="World2" instance=ExtResource("2_c0avp")]
transform = Transform3D(0.998486, 0, -0.05500284, 0, 9.999995, 0, 0.05500284, 0, 0.998486, -16.701782, -5.4553666, 61.5831)

[node name="patch-sand100" parent="World2" instance=ExtResource("2_c0avp")]
transform = Transform3D(0.95512843, 0, 0.2961911, 0, 9.999997, 0, -0.2961911, 0, 0.95512843, 6.4812293, -5.455363, 37.376495)

[node name="patch-sand40" parent="World2" instance=ExtResource("2_c0avp")]
transform = Transform3D(-0.24823341, 0, 0.96870005, 0, 10, 0, -0.96870005, 0, -0.24823341, 22.81145, -2.3826346, 45.091133)

[node name="patch-sand11" parent="World2" instance=ExtResource("2_c0avp")]
transform = Transform3D(-0.56554306, 0, 0.8247188, 0, 10, 0, -0.8247188, 0, -0.56554306, 17.904657, -2.4, 56.099846)

[node name="patch-sand12" parent="World2" instance=ExtResource("2_c0avp")]
transform = Transform3D(0.17735945, 0, 0.98414606, 0, 10, 0, -0.98414606, 0, 0.17735945, 20.179634, -2.4, 47.71938)

[node name="patch-sand14" parent="World2" instance=ExtResource("2_c0avp")]
transform = Transform3D(0.6104218, 0, -0.7920765, 0, 10, 0, 0.7920765, 0, 0.6104218, 17.985176, -2.4, 43.837975)

[node name="patch-sand15" parent="World2" instance=ExtResource("2_c0avp")]
transform = Transform3D(0.9631438, 0, -0.26898694, 0, 10, 0, 0.26898694, 0, 0.9631438, 12.89364, -2.4, 42.508015)

[node name="patch-sand16" parent="World2" instance=ExtResource("2_c0avp")]
transform = Transform3D(0.9631438, 0, -0.26898694, 0, 10, 0, 0.26898694, 0, 0.9631438, 7.320114, -2.4, 43.788986)

[node name="patch-sand17" parent="World2" instance=ExtResource("2_c0avp")]
transform = Transform3D(0.99651474, 0, -0.08341685, 0, 10, 0, 0.08341685, 0, 0.99651474, 2.4797063, -2.4, 44.98606)

[node name="patch-sand18" parent="World2" instance=ExtResource("2_c0avp")]
transform = Transform3D(0.87691975, 0, 0.48063684, 0, 10, 0, -0.48063684, 0, 0.87691975, -2.0492892, -2.4, 47.68055)

[node name="patch-sand19" parent="World2" instance=ExtResource("2_c0avp")]
transform = Transform3D(0.87691975, 0, 0.48063684, 0, 10, 0, -0.48063684, 0, 0.87691975, 10.251158, -2.4, 45.074356)

[node name="patch-sand20" parent="World2" instance=ExtResource("2_c0avp")]
transform = Transform3D(0.87691975, 0, 0.48063684, 0, 10, 0, -0.48063684, 0, 0.87691975, -4.8362045, -2.4, 51.689026)

[node name="patch-sand21" parent="World2" instance=ExtResource("2_c0avp")]
transform = Transform3D(0.7387729, 0, 0.6739543, 0, 10, 0, -0.6739543, 0, 0.7387729, -7.0159807, -2.4, 56.192833)

[node name="patch-sand22" parent="World2" instance=ExtResource("2_c0avp")]
transform = Transform3D(0.82163686, 0, 0.57001114, 0, 10, 0, -0.57001114, 0, 0.82163686, -9.900211, -2.4, 60.669357)

[node name="patch-sand23" parent="World2" instance=ExtResource("2_c0avp")]
transform = Transform3D(0.9999272, 0, -0.0120598385, 0, 10, 0, 0.0120598385, 0, 0.9999272, -15.600426, -2.4, 63.852127)

[node name="patch-sand24" parent="World2" instance=ExtResource("2_c0avp")]
transform = Transform3D(0.4372256, 0, 0.8993518, 0, 10, 0, -0.8993518, 0, 0.4372256, -18.041607, -2.4, 67.817665)

[node name="patch-sand25" parent="World2" instance=ExtResource("2_c0avp")]
transform = Transform3D(0.9927762, 0, -0.11998085, 0, 10, 0, 0.11998085, 0, 0.9927762, -10.143784, -2.4, 72.36429)

[node name="patch-sand27" parent="World2" instance=ExtResource("2_c0avp")]
transform = Transform3D(0.9927762, 0, -0.11998085, 0, 10, 0, 0.11998085, 0, 0.9927762, -15.48838, -2.4, 71.24467)

[node name="patch-sand28" parent="World2" instance=ExtResource("2_c0avp")]
transform = Transform3D(0.9927762, 0, -0.11998085, 0, 10, 0, 0.11998085, 0, 0.9927762, -13.536942, -2.4, 72.16798)

[node name="patch-sand29" parent="World2" instance=ExtResource("2_c0avp")]
